40000000	.0218478000	3.8505021100
44000000	.0239134000	3.8672794332
48000000	.0260692000	3.8633866785
52000000	.0282694000	3.8701210496
56000000	.0303886000	3.8781056053
60000000	.0325922000	3.8685636440
64000000	.0347568000	3.8739181973
68000000	.0369214000	3.8667060295
72000000	.0390878000	3.8715251306
76000000	.0420584000	3.7974768417
80000000	.0433868000	3.8688080245
84000000	.0455358000	3.8741561584
88000000	.0477378000	3.8725496357
92000000	.0498922000	3.8703003675
96000000	.0520346000	3.8760786092
100000000	.0552974000	3.8007211912
104000000	.0563662000	3.8795377371
108000000	.0585240000	3.8757501196
112000000	.0607300000	3.8763214226
116000000	.0628304000	3.8822576332
120000000	.0650042000	3.8757187997
124000000	.0671742000	3.8738384677
128000000	.0693194000	3.8817358488
132000000	.0714704000	3.8790240435
136000000	.0736442000	3.8803924816
140000000	.0758048000	3.8768626788
144000000	.0779768000	3.8801104944
148000000	.0801564000	3.8795829154
152000000	.0823092000	3.8800207024
156000000	.0844516000	3.8775819522
160000000	.0866020000	3.8884321378
164000000	.0887648000	3.8821266988
168000000	.0909228000	3.8832702028
172000000	.0931196000	3.8841361002
176000000	.0953534000	3.8769168168
180000000	.0974124000	3.8807297633
184000000	.0996080000	3.8797144807
188000000	.1017772000	3.8894094158
192000000	.1039220000	3.8879832951
196000000	.1060602000	3.8989762417
200000000	.1082212000	3.9059666682
204000000	.1103880000	3.8814092111
208000000	.1126000000	3.8896181172
212000000	.1147014000	3.8869115808
216000000	.1168690000	3.8855710239
220000000	.1190198000	3.8885328323
224000000	.1211842000	3.8817387085
228000000	.1233352000	3.8817012499
232000000	.1255180000	3.8840134482
236000000	.1276490000	3.8849391691
240000000	.1298308000	3.8786174004
244000000	.1319240000	3.8871274370
248000000	.1341454000	3.8845267895
252000000	.1362772000	3.8902633749
256000000	.1384980000	3.8875102889
260000000	.1405292000	3.8979528809
264000000	.1427706000	3.8842828985
268000000	.1449232000	3.8867220707
272000000	.1470522000	3.8883131296
276000000	.1492914000	3.8831144995
280000000	.1514920000	3.8791645763
284000000	.1530778000	3.8954374834
288000000	.1553190000	3.9010101790
292000000	.1579134000	3.8857006435
296000000	.1600542000	3.8882990886
300000000	.1613598000	3.9038484182
304000000	.1627678000	3.9222991279
308000000	.1663120000	3.8879647890
312000000	.1686338000	3.9180188076
316000000	.1703956000	3.9009551889
320000000	.1722738000	3.9087011489
324000000	.1730100000	3.9337703022
328000000	.1767408000	3.9000072422
332000000	.1785414000	3.9120472898
336000000	.1813018000	3.9012982772
340000000	.1826132000	3.9119724094
344000000	.1853232000	3.8998625104
348000000	.1851746000	3.9473502305
352000000	.1883272000	3.9324101882
356000000	.1916676000	3.9032084713
360000000	.1933576000	3.9122775624
364000000	.1967210000	3.8857163190
368000000	.1984118000	3.8947895236
372000000	.1994490000	3.9170675210
376000000	.2021274000	3.9073732705
380000000	.2008246000	3.9759780425
384000000	.2055536000	3.9299978205
388000000	.2033392000	4.0064207983
392000000	.2095846000	3.9290653988
396000000	.2102848000	3.9558769820
400000000	.2102452000	3.9958724384
404000000	.2170720000	3.9108747328
408000000	.2142512000	4.0191569522
412000000	.2199618000	3.9425336581
416000000	.2208592000	3.9575937973
420000000	.2228724000	3.9608215283
424000000	.2255802000	3.9472081326
428000000	.2247442000	4.0002420529
432000000	.2290410000	3.9617177710
436000000	.2320562000	3.9443324505
440000000	.2333880000	3.9564913363
444000000	.2333188000	3.9936164595
448000000	.2377164000	3.9673956024
452000000	.2363868000	4.0228185330
456000000	.2422190000	3.9540217736
460000000	.2434864000	3.9659134966
464000000	.2441520000	3.9906410760
468000000	.2442600000	4.0226570048
472000000	.2474408000	4.0092789871
476000000	.2471916000	4.0437611957
480000000	.2522626000	3.9927194915
484000000	.2543544000	3.9982253108
488000000	.2555156000	4.0107962097
492000000	.2590740000	3.9883122196
496000000	.2588448000	4.0235546551
500000000	.2654370000	3.9672472187
504000000	.2662902000	3.9752863605
508000000	.2659956000	4.0135318027
512000000	.2726238000	3.9441024591
516000000	.2716890000	3.9905391826
520000000	.2740542000	3.9850985680
524000000	.2745432000	4.0102971044
528000000	.2796046000	3.9935337258
532000000	.2789608000	4.0067120541
536000000	.2823926000	3.9871207673
540000000	.2798190000	4.0477358578
544000000	.2831426000	4.0354499817
548000000	.2820052000	4.0814247396
552000000	.2879948000	4.0291609431
556000000	.2882488000	4.0499422720
560000000	.2947648000	3.9888962318
564000000	.2895912000	4.0903066115
568000000	.2936738000	4.0571034937
572000000	.3012822000	3.9882475632
576000000	.3009290000	4.0219593326
580000000	.3019286000	4.0333456320
584000000	.3029398000	4.0509335518
588000000	.3072292000	4.0167803060
592000000	.3053876000	4.0741621467
596000000	.3063812000	4.0803423969
600000000	.3095772000	4.0752374528
604000000	.3130164000	4.0514068911
608000000	.3146474000	4.0612545980
612000000	.3169238000	4.0562532697
616000000	.3196756000	4.0505762716
620000000	.3193904000	4.0769146474
624000000	.3219054000	4.0676024695
628000000	.3253038000	4.0558112140
632000000	.3250554000	4.0834645417
636000000	.3267400000	4.0867423639
640000000	.3295990000	4.0794844644
644000000	.3296000000	4.0998992718
648000000	.3379436000	4.0273128415
652000000	.3362040000	4.0703662062
656000000	.3355494000	4.1069332861
660000000	.3397214000	4.0792478778
664000000	.3419326000	4.0752727291
668000000	.3434850000	4.0836548903
672000000	.3417936000	4.1281194264
676000000	.3516396000	4.0350682915
680000000	.3490726000	4.0988482052
684000000	.3539692000	4.0583474494
688000000	.3506586000	4.1189179446
692000000	.3572792000	4.0682362701
696000000	.3566952000	4.0957624324
700000000	.3584374000	4.1014269158
704000000	.3618402000	4.0833434206
708000000	.3652816000	4.0708916080
712000000	.3603404000	4.1479018172
716000000	.3638862000	4.1294305747
720000000	.3682760000	4.1078299970
724000000	.3712538000	4.0928410699
728000000	.3733726000	4.0947455705
732000000	.3744832000	4.1042786432
736000000	.3746110000	4.1287746489
740000000	.3774896000	4.1143861976
744000000	.3839298000	4.0709463032
748000000	.3806416000	4.1268999499
752000000	.3836290000	4.1151508358
756000000	.3861520000	4.1129213366
760000000	.3913356000	4.0790232220
764000000	.3926456000	4.0864183884
768000000	.3913382000	4.1244151478
772000000	.3906214000	4.1485315448
776000000	.3933990000	4.1494584378
780000000	.3994766000	4.1047480628
784000000	.3991752000	4.1229269754
788000000	.4021380000	4.1255524223
792000000	.4099470000	4.0572956992
796000000	.4059880000	4.1147501896
800000000	.4054652000	4.1432517513
804000000	.4094998000	4.1264528090
808000000	.4107692000	4.1288115077
812000000	.4092872000	4.1659465529
816000000	.4155028000	4.1235183012
820000000	.4161518000	4.1415627662
824000000	.4147158000	4.1725726389
828000000	.4207350000	4.1329278524
832000000	.4198078000	4.1601661522
836000000	.4262164000	4.1222383746
840000000	.4260984000	4.1409927847
844000000	.4287486000	4.1319402558
848000000	.4285416000	4.1547807727
852000000	.4304780000	4.1533486031
856000000	.4350910000	4.1350558848
860000000	.4369868000	4.1355427669
864000000	.4366832000	4.1539972227
868000000	.4384706000	4.1546867680
872000000	.4417136000	4.1443663948
876000000	.4428126000	4.1536071918
880000000	.4388698000	4.2112535426
884000000	.4455532000	4.1672576922
888000000	.4467218000	4.1745717356
892000000	.4495326000	4.1676479080
896000000	.4529068000	4.1562144794
900000000	.4521526000	4.1849287165
904000000	.4578230000	4.1500597392
908000000	.4589384000	4.1534179750
912000000	.4583722000	4.1801501050
916000000	.4640214000	4.1508495082
920000000	.4654184000	4.1540914583
924000000	.4654864000	4.1639798713
928000000	.4674244000	4.1684563321
